gcc ./main.c && ./a.out 
Rows = 2^i, i: 2

Matrix A
Row 0: 3 1 4 5
Row 1: 3 4 2 12
Row 2: 2 3 3 2
Row 3: 4 5 4 3

Matrix B
Row 0: 4 5 3 2
Row 1: 6 8 6 2
Row 2: 3 4 6 2
Row 3: 4 5 2 1

Matrix A*B
50 64 49 21 
90 115 69 30 
43 56 46 18 
70 91 72 29 

Matrix A*B using loop
50 64 49 21 
90 115 69 30 
43 56 46 18 
70 91 72 29
